-,-,-
-116, 118, 919
88, 187, 1013
219, 353, 1097
341, 624, 1220
573, 888, 1371
573, 888, 1371
793, 1063, 1477
787, 901, 1471
703, 528, 1319
568, 173, 1052
352, -68, 831
114, -253, 725
-62, -392, 681
-62, -392, 681
-173, -517, 731
-277, -660, 749
-369, -686, 659
-439, -648, 587
-479, -599, 484
-535, -744, 472
-603, -959, 612
-620, -1115, 657
-,-,-
7, 204, 1142
7, 204, 1142
79, 377, 1303
198, 625, 1268
264, 638, 1257
341, 564, 1198
411, 562, 1085
411, 562, 1085
433, 502, 977
395, 324, 900
327, 132, 890
260, 11, 885
193, -50, 876
193, -50, 876
73, -164, 881
-9, -357, 942
-4, -561, 995
10, -695, 936
-22, -787, 934
-22, -787, 934
-50, -846, 954
-69, -962, 913
-80, -1149, 926
-99, -1320, 1010
-121, -1375, 1064
-,-,-
62, 67, 1086
122, 154, 1085
222, 385, 1072
214, 527, 1091
221, 542, 1093
262, 560, 1087
262, 560, 1087
318, 526, 1078
334, 365, 1053
316, 193, 1064
294, 89, 1063
271, -10, 995
239, -156, 925
190, -326, 902
190, -326, 902
122, -441, 917
37, -555, 865
-48, -678, 807
-60, -864, 783
-36, -1032, 801
-66, -1146, 887
-129, -1212, 991
-137, -1159, 968
-145, -1126, 902
-171, -1024, 860
-175, -809, 878
-,-,-
187, 316, 1128
233, 356, 1097
278, 393, 1093
301, 452, 1104
357, 490, 1162
389, 622, 1137
370, 650, 1116
370, 650, 1116
356, 538, 1061
345, 324, 978
304, 94, 899
238, -48, 889
173, -133, 914
173, -133, 894
153, -239, 894
119, -409, 897
32, -550, 918
-32, -665, 907
-50, -777, 845
-36, -908, 808
-52, -991, 812
-106, -983, 847
-106, -983, 847
-161, -951, 865
-176, -871, 847
-161, -841, 851
-114, -779, 934
-110, -690, 989
-,-,-
180, 334, 1115
211, 317, 1163
242, 420, 1119
240, 439, 1042
194, 308, 1139
196, 228, 1100
196, 228, 1100
209, 133, 1014
204, 20, 955
172, -63, 992
125, -152, 1000
75, -222, 982
66, -265, 944
66, -265, 944
53, -321, 975
44, -393, 914
21, -523, 899
12, -631, 895
21, -707, 902
21, -707, 902
19, -765, 935
12, -882, 945
7, -954, 921
-64, -1048, 883
-,-,-
279, 280, 928
279, 280, 928
260, 278, 1072
270, 343, 1136
275, 381, 1157
308, 405, 1170
311, 332, 1154
276, 229, 1097
276, 229, 1097
224, 117, 1038
189, 13, 1006
175, -72, 990
154, -158, 1017
129, -233, 1018
122, -300, 1040
129, -390, 1021
104, -489, 994
65, -567, 924
65, -567, 924
15, -632, 842
-11, -725, 757
-31, -835, 813
-18, -892, 879
-14, -1006, 835
-50, -1141, 780
-82, -1209, 712
-,-,-
192, 423, 1072
242, 350, 1033
236, 345, 930
191, 280, 962
161, 183, 1016
161, 183, 1016
160, 164, 1012
168, 154, 918
153, 97, 947
141, 30, 995
135, -40, 1012
135, -40, 1012
113, -48, 1013
94, -13, 999
112, -77, 1022
177, -251, 1042
196, -395, 1065
183, -535, 986
165, -763, 909
165, -763, 909
141, -1007, 830
114, -1159, 789
59, -1284, 793
-48, -1334, 970
-,-,-
207, 410, 1015
191, 288, 920
171, 294, 1002
171, 379, 907
176, 403, 933
176, 403, 933
163, 347, 952
143, 298, 944
164, 232, 969
193, 134, 975
191, 27, 998
191, 27, 998
171, -54, 1024
162, -93, 1004
145, -132, 1001
114, -202, 972
106, -284, 931
113, -377, 935
113, -377, 935
130, -484, 948
125, -599, 970
102, -743, 988
107, -814, 979
79, -953, 944
17, -996, 960
-,-,-
276, 715, 1044
258, 683, 1063
258, 683, 1063
320, 602, 1010
338, 484, 998
345, 360, 979
352, 251, 950
351, 148, 891
351, 148, 891
314, 30, 899
263, -45, 987
240, -82, 1021
222, -122, 1042
176, -188, 1079
131, -256, 1098
129, -319, 1042
165, -439, 1007
165, -439, 1007
172, -594, 1055
143, -675, 1080
99, -708, 1048
134, -748, 935
101, -967, 919
108, -1049, 955
129, -1050, 897
114, -1055, 921
-,-,-
228, 589, 1038
244, 541, 1048
270, 455, 1031
299, 380, 1049
293, 383, 1067
293, 383, 1067
288, 393, 1020
293, 320, 953
289, 232, 961
265, 186, 1025
240, 129, 1049
205, 46, 1046
205, 46, 1046
179, -71, 1014
162, -202, 979
140, -350, 964
149, -541, 964
185, -772, 1030
192, -968, 1100
183, -1147, 1148
146, -1181, 1154
54, -1149, 1095
24, -1111, 957
-,-,-
392, 628, 1040
419, 587, 1069
419, 587, 1069
472, 553, 1014
424, 525, 1089
389, 549, 1159
424, 600, 1094
460, 485, 1014
445, 331, 1035
414, 237, 1046
377, 143, 1031
377, 143, 1031
346, -4, 942
329, -202, 927
334, -401, 986
320, -562, 1079
298, -710, 1094
282, -907, 1111
238, -1067, 1129
172, -1109, 1083
92, -1128, 1033
57, -1063, 956
57, -1063, 956
-,-,-
276, 541, 1148
302, 489, 1063
316, 453, 1035
293, 367, 1027
263, 225, 1018
238, 110, 1013
234, 36, 971
224, -62, 966
224, -62, 966
198, -191, 1006
191, -294, 1045
199, -404, 1082
175, -520, 1181
136, -630, 1183
-,-,-
375, 516, 1148
447, 453, 1021
416, 429, 1136
370, 446, 1242
429, 495, 1042
429, 495, 1042
414, 381, 890
366, 223, 943
332, 141, 967
312, 26, 978
296, -147, 974
296, -147, 974
279, -372, 976
255, -622, 1069
229, -796, 1109
-,-,-
242, 515, 1233
322, 551, 1101
337, 530, 1047
353, 436, 1061
371, 401, 1105
386, 456, 1073
386, 456, 1073
383, 417, 991
345, 298, 932
295, 212, 924
256, 138, 901
232, 12, 920
232, 12, 920
217, -146, 973
188, -313, 1006
136, -496, 1088
144, -641, 1076
191, -793, 1036
192, -1011, 1070
198, -1174, 1097
146, -1250, 1118
89, -1229, 1048
41, -1181, 908
31, -1031, 824
-,-,-
329, 561, 1106
329, 561, 1106
291, 545, 1095
282, 432, 1164
280, 416, 1158
322, 406, 1014
306, 335, 958
254, 226, 994
209, 116, 925
209, 116, 925
174, -3, 883
127, -163, 902
115, -341, 921
131, -552, 983
142, -761, 1100
137, -914, 1176
107, -1026, 1210
64, -1096, 1196
-,-,-
351, 699, 978
351, 575, 978
339, 508, 1016
346, 484, 1018
345, 427, 1041
353, 327, 1015
356, 250, 970
356, 250, 970
328, 185, 974
284, 130, 992
247, 40, 985
229, -72, 986
208, -195, 1001
168, -315, 1002
168, -315, 1002
144, -479, 986
146, -698, 1007
134, -881, 1068
161, -994, 1084
-,-,-
263, 591, 953
263, 591, 953
290, 610, 1018
287, 603, 983
291, 588, 1008
294, 587, 1027
306, 560, 941
306, 560, 941
308, 431, 914
284, 253, 957
250, 54, 973
235, -104, 956
297, -269, 913
297, -269, 913
317, -452, 983
301, -637, 1113
260, -776, 1207
223, -877, 1224
150, -957, 1200
-,-,-
162, 610, 935
274, 697, 1112
271, 812, 1098
265, 869, 1037
326, 829, 881
326, 829, 881
381, 802, 834
409, 760, 915
428, 688, 991
448, 603, 983
456, 532, 900
456, 532, 900
435, 487, 866
390, 400, 861
353, 271, 937
338, 133, 959
310, -59, 1010
310, -59, 1010
250, -272, 1141
226, -489, 1207
231, -699, 1248
213, -856, 1294
165, -952, 1289
90, -988, 1233
33, -931, 1118
-,-,-
367, 546, 990
328, 540, 1038
388, 524, 923
354, 463, 869
322, 393, 966
321, 372, 1022
321, 372, 1022
342, 264, 966
314, 120, 944
263, -33, 989
235, -148, 1040
253, -238, 1071
292, -357, 1104
280, -538, 1135
250, -795, 1136
217, -1096, 1174
188, -1224, 1154
115, -1216, 1116
60, -1165, 1012
60, -1165, 1012
-,-,-
376, 666, 1002
355, 516, 965
355, 516, 965
312, 382, 1058
283, 344, 1039
267, 319, 938
252, 251, 933
242, 135, 946
246, 4, 1014
246, 4, 1014
263, -116, 1077
287, -232, 1057
300, -444, 1088
307, -657, 1118
266, -874, 1139
-,-,-
369, 767, 1101
370, 706, 1124
370, 706, 1124
388, 627, 1071
397, 576, 1062
427, 537, 1034
411, 469, 1063
412, 432, 1066
405, 374, 1048
384, 288, 1058
384, 288, 1058
372, 134, 1002
337, -10, 979
290, -159, 945
256, -293, 926
276, -441, 940
275, -618, 1033
275, -783, 1104
259, -900, 1131
211, -973, 1123
211, -973, 1123
179, -989, 1053
125, -997, 962
-,-,-
333, 612, 927
311, 603, 912
311, 603, 912
309, 552, 961
301, 547, 993
302, 481, 969
321, 368, 880
382, 207, 873
382, 207, 873
401, 47, 965
374, -98, 1084
339, -160, 1092
335, -234, 1042
366, -400, 1036
367, -592, 1107
316, -809, 1163
327, -987, 1130
288, -1118, 1119
221, -1130, 1107
-,-,-
366, 896, 950
379, 686, 1046
428, 586, 1179
451, 576, 1099
447, 550, 1009
417, 565, 980
384, 574, 911
384, 574, 911
343, 487, 852
308, 309, 821
297, 92, 856
322, -82, 943
332, -197, 1024
332, -197, 1024
323, -319, 1106
277, -468, 1240
277, -569, 1216
273, -643, 1079
191, -703, 1034
131, -734, 993
71, -828, 891
25, -987, 880
30, -1059, 943
-,-,-
238, 903, 859
367, 773, 974
367, 773, 974
436, 675, 1130
488, 636, 1164
543, 614, 1064
548, 578, 1044
494, 499, 1042
447, 421, 1005
424, 327, 911
424, 327, 911
394, 173, 859
348, 32, 897
301, -59, 961
295, -155, 979
295, -280, 1016
276, -431, 1066
276, -431, 1066
235, -595, 1112
202, -810, 1094
-,-,-
279, 800, 1072
283, 774, 1064
283, 774, 1064
351, 762, 1020
391, 699, 982
386, 605, 996
378, 542, 909
357, 443, 848
347, 380, 851
347, 380, 851
335, 299, 881
336, 145, 944
347, -14, 978
344, -146, 1010
337, -277, 1025
348, -443, 1034
354, -616, 1080
354, -616, 1080
345, -830, 1131
306, -1030, 1152
245, -1175, 1130
-,-,-
348, 712, 1014
406, 631, 1013
378, 594, 1026
341, 479, 971
339, 370, 860
339, 370, 860
362, 283, 877
356, 198, 939
328, 105, 996
264, -24, 1072
253, -179, 1061
297, -434, 1109
-,-,-
424, 924, 1054
445, 872, 1041
452, 792, 1090
452, 792, 1090
462, 742, 1009
467, 731, 923
447, 618, 827
414, 434, 833
371, 282, 847
311, 136, 864
311, 136, 864
280, -70, 899
279, -356, 1079
275, -655, 1272
280, -911, 1432
274, -1118, 1478
203, -1237, 1440
63, -1290, 1317
-,-,-
280, 599, 948
294, 572, 1110
344, 565, 1025
410, 541, 965
409, 567, 993
409, 567, 993
379, 635, 970
344, 623, 883
326, 501, 839
295, 381, 869
259, 269, 918
259, 269, 918
224, 94, 979
212, -172, 1096
229, -452, 1176
249, -699, 1236
232, -920, 1276
175, -1133, 1265
111, -1259, 1195
26, -1258, 1074
-8, -1132, 929
17, -948, 848
17, -948, 848
-,-,-
437, 725, 969
461, 662, 972
458, 567, 1018
458, 567, 1018
434, 471, 975
395, 383, 988
370, 306, 975
360, 188, 949
357, -3, 989
357, -3, 989
359, -231, 1050
384, -489, 1077
392, -769, 1131
333, -1082, 1253
272, -1312, 1302
-,-,-
368, 837, 1181
444, 739, 1014
458, 717, 949
444, 630, 922
402, 561, 920
402, 561, 920
367, 493, 906
436, 361, 872
462, 123, 976
445, -185, 1127
437, -472, 1202
467, -689, 1178
451, -689, 1168
451, -919, 1168
352, -1130, 1186
261, -1183, 1137
173, -1153, 1048
113, -1108, 987
113, -1034, 950
126, -929, 932
-,-,-
235, 809, 1060
230, 790, 1019
271, 767, 1006
310, 735, 983
348, 635, 934
356, 554, 961
356, 554, 961
375, 482, 928
373, 382, 909
364, 215, 935
330, 58, 1017
330, -65, 1077
317, -238, 1134
317, -238, 1134
311, -482, 1165
336, -740, 1187
353, -950, 1172
289, -1139, 1142
208, -1246, 1138
-,-,-
461, 843, 1112
461, 843, 1112
436, 697, 1171
483, 626, 961
452, 481, 813
373, 365, 841
321, 268, 914
339, 143, 974
339, 143, 974
378, -51, 1001
389, -336, 1072
433, -650, 1174
466, -938, 1245
435, -1187, 1235
365, -1363, 1237
255, -1369, 1174
159, -1314, 1034
-,-,-
375, 971, 1015
397, 874, 949
446, 752, 989
446, 752, 989
520, 671, 955
530, 574, 1024
501, 510, 1041
466, 427, 951
418, 286, 886
397, 145, 899
397, 145, 899
389, -4, 941
372, -180, 991
355, -432, 1031
308, -724, 1205
286, -933, 1249
250, -1108, 1212
-,-,-
365, 899, 1044
379, 786, 1085
413, 697, 1218
454, 663, 1161
474, 550, 1026
444, 413, 978
393, 316, 977
393, 316, 977
352, 234, 978
352, 91, 967
336, -89, 1027
332, -235, 1058
301, -423, 1131
317, -660, 1145
315, -914, 1105
268, -1140, 1069
183, -1305, 997
183, -1305, 997
-,-,-
218, 533, 1130
218, 533, 1130
230, 600, 1184
261, 660, 1215
313, 703, 1178
372, 673, 1009
377, 544, 912
349, 374, 878
312, 233, 913
312, 233, 913
290, 123, 957
287, 30, 979
279, -155, 971
291, -443, 1028
282, -749, 1150
291, -930, 1201
291, -930, 1201
-,-,-
358, 911, 1215
421, 897, 1162
443, 791, 1137
453, 703, 1109
448, 619, 1083
438, 519, 1027
440, 461, 962
432, 405, 952
432, 405, 952
401, 265, 986
370, 101, 1019
354, -70, 1038
319, -294, 1066
321, -525, 1077
334, -683, 1112
269, -889, 1133
224, -1018, 1080
152, -1118, 1027
90, -1151, 971
-,-,-
81, 42, 956
87, 51, 977
85, 37, 984
110, 48, 998
110, 48, 998
130, 131, 1045
178, 251, 1094
238, 369, 1087
282, 451, 1061
289, 484, 1019
280, 462, 950
280, 462, 950
274, 400, 869
265, 317, 829
242, 225, 829
214, 115, 889
205, 15, 925
205, 15, 925
180, -132, 952
150, -337, 1026
132, -537, 1080
105, -723, 1070
93, -924, 1034
-,-,-
380, 697, 1024
413, 672, 1069
442, 635, 995
440, 529, 935
417, 424, 982
395, 312, 976
395, 312, 976
362, 195, 965
325, 34, 956
309, -135, 982
292, -354, 1053
247, -641, 1133
180, -968, 1203
172, -1229, 1151
116, -1526, 1110
65, -1627, 1193
-,-,-
334, 612, 984
325, 586, 960
333, 485, 896
333, 485, 896
360, 361, 872
398, 203, 992
412, 58, 1134
395, -54, 1200
394, -204, 1139
376, -437, 1112
376, -437, 1112
315, -717, 1170
224, -1027, 1216
152, -1219, 1224
-,-,-
139, 329, 1081
216, 431, 1128
238, 473, 1068
304, 535, 952
304, 535, 952
387, 597, 947
445, 718, 948
442, 709, 908
436, 565, 870
430, 319, 852
430, 319, 852
438, 84, 901
414, -97, 943
399, -312, 1058
388, -610, 1253
325, -888, 1450
263, -1083, 1353
135, -1276, 1177
-24, -1405, 1022
-112, -1412, 864
-,-,-
489, 889, 1231
556, 908, 1117
579, 807, 1026
554, 662, 1066
534, 620, 1026
537, 529, 893
528, 278, 846
487, 1, 947
487, 1, 947
426, -143, 1016
357, -306, 1042
330, -601, 1097
319, -977, 1155
234, -1328, 1208
99, -1582, 1217
12, -1615, 1137
-,-,-
585, 974, 1088
549, 885, 1058
549, 885, 1058
517, 771, 1064
497, 614, 947
457, 375, 905
415, 109, 968
381, -108, 1036
335, -429, 1115
317, -903, 1278
325, -1324, 1348
223, -1324, 1370
223, -1578, 1370
23, -1665, 1301
-,-,-
757, 1257, 1095
794, 1123, 973
765, 921, 833
742, 609, 915
672, 387, 1105
607, 164, 1143
607, 164, 1143
561, -182, 1249
508, -556, 1311
422, -986, 1319
-,-,-
775, 999, 1204
770, 947, 986
718, 947, 1033
718, 731, 1033
663, 508, 1100
593, 279, 1241
565, -55, 1321
475, -508, 1410
338, -1019, 1489
232, -1482, 1489
65, -1712, 1329
-,-,-
838, 1382, 741
816, 1058, 979
798, 773, 1083
761, 573, 898
761, 573, 898
611, 360, 834
471, 170, 981
451, -101, 1252
445, -410, 1416
369, -853, 1533
286, -1474, 1802
178, -1876, 1716
-7, -1982, 1449
-,-,-
863, 910, 1045
863, 910, 1045
852, 725, 1015
773, 580, 922
611, 453, 959
454, 218, 988
429, -316, 1231
465, -933, 1483
350, -1509, 1555
129, -1943, 1485
-84, -1998, 1515
-,-,-
661, 1155, 799
745, 1266, 839
833, 1318, 1069
842, 1288, 1159
845, 1112, 1075
837, 818, 1039
747, 513, 1085
565, 261, 1067
409, -48, 1083
350, -453, 1223
350, -453, 1223
-,-,-
766, 1450, 814
844, 1291, 884
846, 1060, 1154
853, 900, 1113
853, 900, 1113
844, 613, 1018
790, 350, 1100
665, 248, 1142
464, 101, 1161
393, -376, 1328
356, -924, 1564
247, -1346, 1686
-,-,-
775, 1255, 1148
775, 1255, 1148
792, 1067, 1187
764, 818, 1123
667, 575, 1102
548, 393, 1145
453, 165, 1194
385, -192, 1259
314, -591, 1368
251, -1029, 1371
150, -1521, 1349
-35, -1827, 1384
-,-,-
639, 1145, 933
639, 1145, 933
751, 1155, 1072
754, 1057, 1222
745, 992, 1291
763, 848, 1244
759, 577, 1219
672, 191, 1253
581, -260, 1306
505, -657, 1398
393, -965, 1409
393, -965, 1409
266, -1254, 1342
130, -1593, 1223
-,-,-
688, 922, 1160
688, 922, 1160
662, 770, 1134
648, 527, 1112
609, 335, 1156
594, 219, 1100
482, -48, 1053
408, -535, 1149
375, -1042, 1280
280, -1432, 1275
107, -1798, 1129
-57, -1998, 1040
-,-,-
696, 1342, 1195
747, 1141, 1262
733, 1013, 1133
694, 838, 942
633, 589, 903
565, 362, 977
467, 173, 1044
467, 173, 1044
362, -106, 1012
316, -620, 1065
268, -1240, 1223
156, -1746, 1263
-,-,-
569, 1045, 1136
583, 876, 1065
563, 709, 960
531, 506, 945
468, 252, 933
358, -80, 1023
358, -80, 1023
351, -483, 1159
343, -869, 1235
260, -1284, 1283
-,-,-
388, 284, 1138
461, 490, 1207
461, 490, 1207
554, 681, 1094
592, 855, 1011
611, 992, 981
616, 970, 860
625, 711, 791
639, 381, 783
639, 381, 783
596, 111, 817
542, -217, 946
477, -717, 1154
-,-,-
895, 1209, 947
895, 1209, 947
845, 1159, 685
721, 950, 717
669, 776, 858
648, 543, 820
632, 110, 916
594, -411, 1030
594, -411, 1030
475, -997, 1062
378, -1751, 1164
259, -1998, 1303
17, -1998, 1445
-,-,-
785, 1336, 949
807, 1276, 852
781, 1086, 935
819, 910, 972
819, 910, 972
842, 688, 971
804, 342, 943
727, -48, 999
603, -409, 1053
501, -927, 1130
530, -1610, 1201
464, -1995, 1248
218, -1998, 1400
-,-,-
912, 1268, 968
912, 1268, 968
864, 1081, 892
855, 856, 833
838, 609, 806
725, 282, 904
621, -174, 1069
673, -750, 1252
651, -1337, 1357
491, -1887, 1354
252, -1998, 1271
8, -1998, 1308
-,-,-
995, 1293, 1123
995, 1293, 1123
933, 1088, 1018
908, 841, 874
907, 564, 798
854, 328, 830
842, 108, 901
825, -217, 960
654, -664, 1140
654, -664, 1140
490, -1190, 1212
396, -1841, 1183
247, -1998, 1254
83, -1998, 1224
-4, -1998, 1056
-14, -1990, 997
-,-,-
924, 1254, 1101
901, 1065, 789
901, 1065, 789
848, 775, 799
814, 635, 850
837, 467, 836
807, 90, 886
723, -448, 1012
712, -1055, 1104
655, -1622, 1126
479, -1988, 1227
270, -1998, 1380
-,-,-
1134, 1882, 1089
1104, 1672, 1378
1063, 1373, 1287
1069, 1083, 1059
1094, 822, 788
1029, 477, 740
1029, 477, 740
884, 52, 791
780, -371, 907
783, -739, 919
687, -1255, 1017
628, -1883, 1236
484, -1998, 1279
193, -1998, 1192
-17, -1998, 959
-85, -1998, 630
-,-,-
893, 1639, 1053
1202, 1592, 1059
1214, 1352, 981
1056, 1038, 1024
953, 840, 929
930, 698, 819
901, 698, 763
901, 418, 763
864, -43, 817
824, -500, 946
700, -906, 989
-,-,-
659, 1373, 1001
785, 1579, 855
871, 1578, 1019
1014, 1480, 1095
1074, 1296, 1076
1065, 1030, 1019
1050, 806, 977
1019, 646, 904
932, 518, 889
821, 240, 912
821, 240, 912
782, -309, 1085
751, -845, 1106
675, -1448, 1090
645, -1975, 1225
523, -1998, 1366
313, -1998, 1270
181, -1998, 1047
107, -1956, 746
-,-,-
746, 1638, 1153
967, 1592, 1064
1010, 1386, 1258
1033, 1248, 1155
1002, 1098, 864
916, 868, 773
839, 694, 718
774, 534, 680
774, 534, 680
682, 238, 750
661, -152, 845
686, -558, 905
637, -1179, 1071
-,-,-
993, 1886, 897
993, 1886, 897
999, 1609, 1118
1073, 1392, 909
1120, 1105, 665
1145, 754, 749
1138, 442, 794
1119, 43, 785
1139, -548, 886
1127, -1169, 1053
992, -1839, 1317
821, -1998, 1397
-,-,-
753, 1997, 1091
838, 1946, 829
907, 1634, 869
961, 1335, 897
1078, 1065, 662
1123, 672, 594
1094, 207, 663
1094, 207, 663
985, -176, 723
896, -566, 787
900, -1252, 1082
776, -1977, 1811
608, -1998, 1922
-,-,-
968, 1361, 805
997, 1175, 708
1047, 868, 692
1047, 868, 692
1043, 430, 728
969, -50, 844
927, -649, 1061
945, -1409, 1436
960, -1970, 1523
668, -1998, 1402
273, -1998, 1214
-,-,-
977, 1387, 907
932, 1166, 876
969, 918, 664
925, 535, 655
850, 62, 853
793, -461, 1131
774, -1112, 1337
667, -1840, 1505
455, -1998, 1636
182, -1998, 1617
14, -1998, 1384
-,-,-
658, -680, 1181
571, -1133, 1302
463, -1545, 1338
275, -1892, 1299
126, -1998, 1155
28, -1986, 1049
3, -1812, 784
26, -1480, 672
-,-,-
866, 477, 785
846, 265, 779
797, -41, 764
777, -480, 1036
739, -879, 1200
786, -1490, 1346
772, -1994, 1482
558, -1998, 1505
247, -1998, 1362
77, -1998, 1042
77, -1998, 1042
-,-,-
764, 1519, 500
854, 1143, 506
999, 819, 425
1095, 489, 653
1087, 224, 924
1020, 43, 1066
1020, 43, 1066
1022, -259, 1200
1022, -650, 1344
859, -1045, 1441
623, -1524, 1438
342, -1934, 1399
-,-,-
1081, 1175, 812
1130, 803, 672
1054, 459, 802
937, 195, 952
840, -102, 996
797, -681, 1237
789, -1451, 1551
649, -1966, 1602
343, -1998, 1540
343, -1998, 1540
-,-,-
1006, 1917, 804
1102, 1501, 777
1135, 1010, 811
1130, 633, 787
1110, 382, 777
1110, 382, 777
1106, 71, 927
1129, -292, 1210
1059, -598, 1398
928, -899, 1426
849, -1282, 1478
653, -1612, 1439
373, -1897, 1275
-,-,-
836, 1534, 614
836, 1534, 614
867, 1073, 532
915, 588, 644
921, 289, 798
931, -1, 997
1047, -451, 1343
1066, -908, 1511
936, -1395, 1655
719, -1868, 1804
416, -1998, 1588
112, -1998, 1329
-,-,-
906, 1906, 615
952, 1588, 793
1023, 1301, 857
1077, 990, 805
1094, 660, 900
1039, 344, 958
1039, 344, 958
935, 13, 1009
854, -383, 1122
843, -833, 1347
738, -1300, 1494
594, -1799, 1399
335, -1998, 1352
-14, -1998, 1210
-,-,-
740, 1737, 849
854, 1642, 815
891, 1400, 1001
934, 1194, 875
983, 982, 694
973, 621, 728
930, 333, 777
930, 333, 777
850, 137, 847
720, -156, 1004
653, -576, 1208
671, -1081, 1465
618, -1524, 1609
396, -1856, 1494
-,-,-
732, 1815, 1029
846, 1737, 766
902, 1418, 756
893, 1065, 972
896, 865, 961
896, 865, 961
946, 710, 830
955, 429, 780
884, 154, 859
807, -4, 940
725, -223, 982
725, -223, 982
585, -590, 1108
531, -1138, 1295
-,-,-
646, 1768, 972
780, 1785, 884
851, 1592, 844
885, 1192, 825
912, 791, 892
902, 462, 975
856, 206, 1051
856, 206, 1051
778, -45, 1128
694, -422, 1213
604, -966, 1329
493, -1601, 1514
286, -1970, 1520
-,-,-
950, 1670, 1115
950, 1670, 1115
957, 1415, 1198
922, 1118, 1105
877, 799, 937
840, 501, 737
710, 209, 755
570, -120, 953
514, -545, 1153
-,-,-
812, 1355, 973
812, 1085, 1042
812, 1085, 1042
831, 832, 874
785, 521, 808
731, 234, 828
656, -23, 925
600, -343, 1044
595, -733, 1193
515, -1162, 1280
389, -1657, 1260
230, -1991, 1326
-,-,-
743, 1317, 1030
738, 1094, 918
738, 1094, 918
768, 817, 779
769, 545, 712
724, 266, 721
645, -43, 818
603, -425, 1012
610, -899, 1198
610, -899, 1198
581, -1492, 1317
451, -1971, 1446
-,-,-
794, 1284, 892
794, 1284, 892
816, 998, 802
807, 624, 756
769, 253, 806
659, -134, 951
631, -640, 1185
713, -1189, 1335
718, -1680, 1329
468, -1985, 1356
-,-,-
816, 1589, 1111
849, 1668, 814
849, 1668, 814
811, 1375, 725
696, 987, 923
605, 696, 897
541, 425, 877
541, 73, 953
541, 73, 953
546, -293, 1114
511, -667, 1264
488, -1043, 1292
391, -1467, 1358
213, -1813, 1431
-,-,-
725, 1306, 718
778, 982, 711
778, 982, 711
781, 676, 772
706, 427, 787
618, 107, 865
595, -344, 1066
644, -876, 1407
662, -1259, 1564
500, -1576, 1532
210, -1897, 1355
-23, -1998, 1158
-,-,-
784, 993, 879
848, 631, 788
770, 184, 983
726, -237, 1259
704, -625, 1411
595, -951, 1484
489, -1301, 1458
323, -1718, 1383
88, -1988, 1228
-60, -1998, 1046
-62, -1877, 831
-,-,-
730, 970, 679
688, 770, 750
688, 770, 750
694, 582, 758
657, 329, 809
608, 0, 970
569, -415, 1189
618, -963, 1456
618, -963, 1456
623, -1567, 1668
-,-,-
703, 1785, 813
720, 1452, 729
731, 1100, 801
733, 777, 803
733, 777, 803
703, 457, 827
648, 48, 965
643, -413, 1155
689, -837, 1324
621, -1194, 1422
482, -1553, 1446
-,-,-
553, 1479, 775
629, 1193, 658
757, 920, 684
831, 659, 838
825, 474, 921
779, 308, 940
779, 308, 940
703, 94, 952
645, -183, 1074
639, -533, 1264
632, -1012, 1412
500, -1619, 1533
-,-,-
650, 1420, 1026
656, 1159, 988
656, 1159, 988
639, 932, 1114
603, 625, 1097
525, 189, 987
414, -307, 1074
418, -809, 1270
469, -1386, 1469
359, -1833, 1552
137, -1995, 1404
-,-,-
825, 1117, 1002
786, 873, 900
756, 632, 689
756, 632, 689
646, 352, 774
526, 103, 925
447, -261, 1159
495, -794, 1366
539, -1383, 1502
-,-,-
665, 1671, 926
687, 1411, 755
674, 1102, 769
746, 805, 827
746, 805, 827
769, 486, 902
705, 159, 1052
627, -199, 1221
570, -549, 1421
554, -959, 1609
454, -1503, 1655
-,-,-
890, 1997, 873
962, 1997, 961
1052, 1851, 793
1115, 1264, 763
1030, 590, 839
847, -49, 994
847, -49, 994
724, -783, 1200
687, -1656, 1344
481, -1998, 1511
-,-,-
1012, 1997, 984
1095, 1997, 640
1222, 1780, 495
1250, 1007, 763
1210, 271, 1072
1109, -451, 1486
1026, -1352, 1787
949, -1991, 1805
595, -1998, 1801
65, -1998, 1889
65, -1998, 1889
-,-,-
1059, 1997, 974
1059, 1997, 974
1011, 1997, 976
1082, 1894, 814
1174, 1225, 795
1023, 455, 987
838, -436, 1403
825, -1390, 1782
-,-,-
987, 1997, 595
1023, 1997, 629
1131, 1991, 309
1379, 1554, 249
1523, 729, 764
1324, 92, 1345
1041, -760, 1734
961, -1832, 1998
749, -1998, 1998
226, -1998, 1893
-,-,-
982, 1997, 564
990, 1997, 406
1104, 1756, 591
1245, 1144, 916
1223, 582, 1210
1088, -179, 1581
1082, -1297, 1949
1082, -1998, 1998
622, -1998, 1998
-,-,-
1008, 1963, 790
1075, 1997, 789
1200, 1997, 749
1291, 1991, 818
1340, 1579, 991
1286, 946, 1230
1158, 336, 1387
1022, -414, 1636
969, -1397, 1827
913, -1998, 1617
-,-,-
950, 1997, 513
941, 1987, 593
1037, 1692, 405
1117, 1153, 508
1081, 544, 1061
1040, 73, 1261
970, -654, 1680
953, -1569, 1931
666, -1998, 1821
254, -1998, 1859
-,-,-
1286, 1786, 931
1302, 1177, 1055
1355, 573, 995
1209, -42, 1121
1177, -833, 1364
1121, -1729, 1541
921, -1998, 1235
475, -1998, 1252
-3, -1998, 1350
-3, -1998, 1350
-,-,-
968, 1997, 933
1059, 1996, 805
1103, 1660, 760
1112, 1055, 858
1110, 511, 848
1012, 5, 992
1012, 5, 992
943, -570, 1230
759, -1253, 1443
588, -1916, 1492
-,-,-
1185, 1763, 1276
1084, 1683, 1252
1030, 1427, 931
905, 959, 828
776, 609, 984
648, 465, 878
524, 18, 920
602, -775, 1246
658, -1508, 1484
551, -1957, 1328
250, -1998, 1289
-,-,-
1063, 1664, 1467
986, 1505, 1192
986, 1505, 1192
905, 1170, 852
762, 656, 808
581, 181, 840
465, -330, 1016
495, -1066, 1182
466, -1836, 1231
221, -1998, 1496
-,-,-
1263, 1910, 964
1125, 1524, 1099
1096, 1100, 813
992, 543, 675
992, 543, 675
814, -95, 806
625, -766, 1251
633, -1649, 1542
654, -1998, 1849
-,-,-
975, 1997, 789
1044, 1955, 664
993, 1493, 779
994, 1047, 769
968, 544, 729
968, 544, 729
859, -104, 987
723, -888, 1362
583, -1653, 1423
425, -1998, 1482
95, -1998, 1562
-,-,-
1064, 1996, 998
1045, 1996, 802
984, 1767, 793
889, 1343, 760
889, 1343, 760
777, 924, 647
672, 490, 704
731, -68, 931
826, -793, 1387
784, -1548, 1790
650, -1993, 1788
346, -1998, 1746
-29, -1998, 1585
-,-,-
1006, 1640, 707
1011, 1223, 645
936, 733, 825
845, 225, 903
740, -438, 1135
709, -1355, 1504
669, -1982, 1644
354, -1998, 1890
48, -1998, 1755
-89, -1998, 1348
-,-,-
908, 1662, 920
902, 1484, 840
851, 1127, 684
799, 498, 736
799, 498, 736
776, -246, 961
783, -1022, 1194
764, -1808, 1344
684, -1998, 1556
-,-,-
-228, 343, 915
-174, 304, 895
-261, 458, 969
-367, 707, 1049
-397, 1042, 1096
-270, 1547, 1016
-119, 1958, 951
55, 1997, 847
55, 1997, 847
245, 1986, 676
383, 1659, 471
496, 1060, 412
511, 401, 569
515, -204, 786
572, -655, 903
664, -990, 1009
664, -990, 1009
652, -1243, 1124
631, -1422, 1172
596, -1458, 1219
-,-,-
-563, 1398, 874
-492, 1860, 769
-276, 1997, 695
-210, 1989, 584
-215, 1713, 549
-141, 1288, 538
-5, 854, 661
41, 441, 844
32, 149, 957
32, 149, 957
67, -30, 986
138, -217, 1016
273, -356, 1108
529, -472, 1263
777, -669, 1411
953, -783, 1430
965, -790, 1356
-,-,-
-521, 648, 819
-798, 920, 867
-793, 1349, 926
-572, 1790, 892
-319, 1997, 810
-191, 1931, 790
-191, 1931, 790
-152, 1568, 805
-93, 1124, 862
-6, 654, 926
63, 236, 996
115, -110, 1051
221, -366, 1074
334, -520, 1121
512, -741, 1177
-,-,-
-290, 1622, 988
-306, 1298, 843
-258, 966, 799
-176, 694, 797
-23, 473, 813
116, 217, 843
116, 217, 843
216, -75, 887
291, -340, 987
396, -509, 1126
521, -634, 1178
623, -782, 1202
730, -896, 1250
866, -986, 1183
958, -998, 1022
-,-,-
-847, 1172, 1398
-838, 1580, 1440
-729, 1918, 1413
-667, 1924, 1255
-580, 1684, 1090
-407, 1368, 1013
-169, 993, 1103
66, 630, 1163
275, 303, 1148
428, 2, 1181
528, -315, 1182
626, -608, 1163
719, -820, 1111
719, -820, 1111
900, -911, 1049
991, -1029, 947
984, -1148, 814
844, -1226, 727
686, -1263, 681
-,-,-
-31, 291, 1002
48, -63, 911
300, -417, 745
529, -635, 829
529, -635, 829
710, -543, 1153
940, -418, 1352
989, -377, 1297
934, -475, 1127
816, -639, 962
-,-,-
-450, 1334, 1155
-480, 827, 1111
-267, 404, 1090
-68, 156, 1077
-22, -64, 1023
82, -224, 1003
82, -224, 1003
285, -264, 1124
522, -281, 1167
687, -315, 1132
830, -461, 1103
937, -640, 1052
1105, -818, 981
1151, -977, 882
1073, -1067, 731
938, -1142, 586
814, -1164, 549
685, -1092, 588
548, -944, 634
-,-,-
-324, 1420, 1402
-52, 1246, 1571
150, 897, 1555
150, 897, 1555
261, 514, 1473
388, 165, 1332
472, -128, 1198
544, -411, 1126
633, -672, 1064
686, -847, 990
807, -987, 907
-,-,-
-964, 1838, 1429
-829, 1997, 1724
-656, 1996, 1701
-472, 1737, 1568
-258, 1203, 1418
-85, 688, 1338
44, 264, 1309
44, 264, 1309
202, -88, 1169
311, -385, 1029
336, -623, 929
373, -739, 879
531, -725, 875
815, -656, 907
1047, -594, 941
1109, -672, 957
1109, -672, 957
-,-,-
-857, 1910, 1244
-749, 1762, 1237
-583, 1476, 1160
-391, 1196, 1144
-138, 898, 1175
86, 588, 1243
86, 588, 1243
258, 303, 1232
390, 64, 1170
539, -200, 1094
633, -527, 1050
769, -848, 1009
891, -1099, 949
998, -1257, 885
-,-,-
-945, 1525, 1243
-834, 1605, 1275
-681, 1468, 1209
-628, 1182, 1185
-628, 1182, 1213
-575, 910, 1213
-404, 711, 1174
-197, 489, 1080
-40, 288, 1025
288, 166, 1041
557, 60, 1125
736, -234, 1163
787, -482, 1190
1026, -803, 1146
1151, -1058, 1144
1180, -1250, 1020
1124, -1289, 827
-,-,-
-578, 1429, 838
-259, 1093, 837
44, 697, 879
208, 287, 889
208, 287, 889
305, -145, 1000
339, -557, 1236
352, -772, 1464
412, -719, 1602
666, -569, 1631
947, -524, 1598
-,-,-
-583, 680, 1600
-407, 1381, 1576
-370, 1815, 1730
-444, 1822, 1717
-382, 1753, 1655
-309, 1580, 1592
-265, 1332, 1468
-202, 1084, 1304
-100, 825, 1171
41, 538, 1023
122, 212, 869
180, -71, 815
180, -71, 815
324, -313, 869
542, -536, 940
690, -833, 1014
915, -1094, 1085
1027, -1123, 1057
1029, -1141, 917
954, -1148, 826
-,-,-
-469, 661, 1278
-846, 728, 1681
-1037, 1024, 1963
-823, 1482, 1962
-585, 1688, 1767
-475, 1483, 1509
-498, 1145, 1358
-375, 854, 1219
-111, 677, 1119
192, 466, 1103
405, 217, 1119
566, -30, 1154
742, -266, 1191
742, -266, 1191
935, -472, 1143
1114, -731, 1076
1213, -1060, 898
1083, -1215, 709
944, -1321, 538
816, -1337, 464
-,-,-
-259, 875, 1582
-718, 1364, 1704
-758, 1866, 1775
-609, 1997, 1764
-529, 1997, 1742
-469, 1791, 1597
-396, 1236, 1398
-306, 686, 1236
-184, 336, 1128
88, 142, 1059
367, -30, 996
437, -238, 913
500, -433, 896
699, -685, 987
699, -685, 987
929, -945, 870
1104, -1004, 589
1287, -848, 494
1376, -725, 419
1268, -712, 374
1073, -774, 439
-,-,-
-1174, 991, 1301
-1144, 1219, 1579
-898, 1428, 1546
-701, 1487, 1445
-527, 1311, 1357
-373, 976, 1337
-237, 651, 1354
-66, 393, 1337
263, 209, 1270
535, -18, 1248
535, -18, 1248
705, -343, 1160
888, -645, 982
1091, -837, 732
1279, -928, 544
-,-,-
-847, 1539, 1520
-911, 1802, 1557
-793, 1944, 1461
-632, 1911, 1334
-442, 1738, 1292
-164, 1444, 1346
125, 1056, 1435
386, 632, 1401
543, 299, 1324
760, 38, 1205
880, -191, 1078
880, -191, 1078
-,-,-
-600, 1452, 1770
-891, 1599, 1949
-1029, 1795, 1998
-787, 1942, 1935
-554, 1861, 1682
-404, 1568, 1382
-238, 1161, 1143
-27, 684, 1049
236, 217, 1006
372, -228, 915
470, -533, 871
642, -757, 940
860, -814, 1027
860, -814, 1027
1095, -832, 1008
-,-,-
-812, 1175, 1474
-788, 1884, 1561
-607, 1997, 1792
-335, 1997, 1863
-215, 1997, 1730
-99, 1959, 1480
76, 1336, 1332
274, 549, 1321
487, -157, 1357
657, -670, 1310
719, -1002, 1224
836, -1126, 1133
1015, -1180, 962
1151, -1225, 784
-,-,-
-822, 1418, 1394
-738, 1873, 1528
-518, 1997, 1545
-361, 1997, 1616
-199, 1976, 1523
-7, 1650, 1391
-7, 1650, 1391
220, 1042, 1357
390, 319, 1416
564, -223, 1404
646, -606, 1310
-,-,-
-493, 1113, 1555
-615, 1244, 1780
-544, 1498, 1905
-307, 1733, 1852
-254, 1719, 1699
-227, 1543, 1474
-83, 1360, 1243
183, 1082, 1115
472, 652, 1060
681, 110, 1054
681, 110, 1054
840, -486, 1139
963, -993, 1185
-,-,-
-465, 1945, 1844
-394, 1977, 1719
-332, 1715, 1627
-288, 1221, 1480
-122, 729, 1379
-4, 297, 1309
93, -18, 1205
244, -227, 1095
389, -438, 1058
539, -677, 1046
637, -810, 1030
-,-,-
-590, 1784, 1871
-675, 1991, 1730
-686, 1997, 1562
-667, 1997, 1460
-454, 1996, 1368
-143, 1695, 1289
95, 1086, 1244
276, 445, 1269
456, -51, 1276
582, -443, 1286
740, -707, 1218
897, -887, 1131
968, -1070, 1075
1034, -1189, 958
1111, -1177, 790
1159, -1152, 630
-,-,-
-1230, 1390, 1383
-1065, 1997, 1475
-769, 1997, 1635
-701, 1997, 1753
-608, 1997, 1553
-394, 1859, 1338
-128, 1293, 1205
227, 791, 1136
505, 335, 1155
505, 335, 1155
705, -81, 1161
859, -563, 1189
1002, -966, 1156
1119, -1213, 1031
1175, -1354, 857
1206, -1483, 669
1122, -1590, 567
-,-,-
-490, 1907, 1701
-588, 1991, 1598
-657, 1997, 1551
-683, 1895, 1363
-643, 1572, 1201
-453, 1230, 1123
-229, 902, 1131
5, 619, 1143
284, 282, 1160
489, -123, 1153
642, -526, 1147
746, -795, 1134
855, -956, 1117
942, -1044, 1040
1015, -1191, 889
1033, -1315, 687
914, -1386, 525
715, -1495, 391
-,-,-
-509, 1358, 1005
-339, 1085, 1022
-119, 726, 1130
155, 315, 1233
273, -20, 1278
273, -20, 1278
388, -225, 1239
540, -319, 1302
717, -434, 1386
817, -559, 1435
854, -678, 1329
956, -773, 1160
-,-,-
-392, 1328, 1860
-536, 1648, 1985
-514, 1856, 1871
-424, 1987, 1774
-300, 1953, 1685
-252, 1733, 1524
-234, 1430, 1309
-119, 1122, 1114
117, 787, 1059
325, 427, 1067
470, 85, 1035
470, 85, 1035
556, -235, 963
680, -551, 938
758, -766, 956
865, -966, 944
1090, -1156, 941
1262, -1250, 891
1251, -1315, 764
-,-,-
-366, 1746, 1625
-318, 1714, 1455
-331, 1463, 1197
-375, 1161, 1047
-352, 870, 1030
-246, 603, 1103
-124, 415, 1172
2, 321, 1257
2, 321, 1257
222, 205, 1355
397, 40, 1409
562, -115, 1410
745, -263, 1363
854, -511, 1321
882, -811, 1236
900, -1019, 1152
961, -1155, 995
981, -1186, 845
981, -1186, 845
933, -1249, 644
755, -1329, 425
586, -1388, 330
543, -1360, 372
558, -1239, 465
-,-,-
-402, 894, 910
-413, 629, 957
-360, 376, 1025
-300, 376, 1104
-300, 279, 1104
-222, 262, 1170
-42, 244, 1258
86, 195, 1341
246, 164, 1372
440, 178, 1374
563, 99, 1374
639, -35, 1326
679, -182, 1269
679, -182, 1269
686, -346, 1166
672, -528, 1076
665, -694, 973
674, -819, 877
646, -902, 810
610, -925, 745
616, -966, 700
630, -1013, 651
642, -1038, 585
606, -993, 580
606, -993, 580
565, -942, 607
-,-,-
-806, 867, 1033
-754, 1042, 1036
-589, 1137, 1014
-606, 1096, 1072
-610, 863, 1156
-482, 635, 1238
-344, 492, 1321
-300, 403, 1370
-213, 410, 1345
-46, 476, 1320
-46, 476, 1320
165, 552, 1283
250, 506, 1271
307, 436, 1227
386, 334, 1234
486, 159, 1216
532, -25, 1101
518, -220, 976
518, -220, 976
481, -396, 937
500, -515, 952
602, -589, 900
656, -651, 866
705, -792, 836
728, -925, 843
713, -1029, 859
-,-,-
-425, 598, 839
-524, 717, 932
-565, 864, 1027
-555, 1061, 1105
-457, 1226, 1093
-413, 1300, 1070
-393, 1235, 1047
-278, 1119, 1131
-138, 933, 1253
-30, 693, 1310
-30, 693, 1310
75, 490, 1302
146, 305, 1293
248, 118, 1252
319, -23, 1209
378, -114, 1155
365, -243, 1127
355, -346, 1102
430, -384, 1076
520, -370, 1048
520, -370, 1048
586, -389, 1023
645, -442, 957
706, -519, 905
755, -658, 892
-,-,-
-505, 539, 864
-533, 559, 892
-508, 642, 1003
-604, 800, 1084
-657, 1012, 1084
-577, 1223, 1065
-443, 1417, 1122
-391, 1439, 1249
-363, 1315, 1347
-282, 1130, 1393
-195, 900, 1382
-30, 708, 1336
172, 553, 1330
302, 441, 1342
302, 441, 1342
406, 288, 1352
460, 112, 1305
456, -49, 1186
392, -108, 1041
367, -127, 929
349, -167, 856
308, -237, 767
224, -268, 665
224, -268, 665
293, -266, 615
476, -358, 752
643, -573, 897
717, -724, 1007
767, -835, 1041
760, -954, 1087
-,-,-
-952, 1268, 1278
-688, 1551, 1136
-586, 1670, 1179
-646, 1574, 1117
-651, 1403, 1001
-660, 1158, 949
-549, 901, 952
-303, 707, 995
-38, 553, 1134
128, 342, 1242
283, 175, 1235
436, 68, 1222
436, 68, 1222
520, -64, 1196
550, -175, 1190
575, -306, 1170
605, -375, 1106
652, -407, 1083
650, -470, 1060
642, -615, 1010
557, -726, 957
498, -868, 891
498, -868, 891
413, -974, 837
345, -1049, 789
305, -1133, 754
-,-,-
-655, 1500, 1432
-683, 1394, 1434
-671, 1171, 1304
-632, 878, 1184
-525, 665, 1145
-404, 602, 1186
-298, 711, 1233
-163, 755, 1221
-163, 755, 1221
78, 726, 1180
255, 662, 1190
341, 500, 1236
409, 246, 1286
456, 12, 1198
466, -202, 956
483, -402, 741
483, -402, 741
486, -595, 706
519, -698, 815
665, -744, 835
820, -799, 791
-,-,-
-413, 1300, 1350
-473, 1289, 1493
-564, 824, 1481
-594, 334, 1413
-482, 202, 1384
-438, 310, 1400
-452, 414, 1341
-335, 514, 1232
12, 679, 1123
12, 679, 1123
112, 733, 1085
130, 564, 1086
184, 368, 1155
302, 206, 1171
373, 37, 1079
405, -162, 1013
432, -370, 1014
432, -370, 1014
467, -596, 1032
547, -741, 1048
666, -762, 1042
795, -745, 1029
872, -736, 988
928, -766, 946
947, -831, 893
917, -878, 834
871, -967, 798
777, -987, 810
-,-,-
-734, 1023, 1232
-690, 961, 1317
-626, 803, 1370
-556, 744, 1398
-443, 733, 1351
-319, 746, 1268
-157, 705, 1228
43, 594, 1232
231, 513, 1231
231, 513, 1231
397, 377, 1229
507, 212, 1208
578, 47, 1162
604, -91, 1085
591, -230, 998
585, -380, 959
598, -530, 950
598, -530, 950
590, -607, 951
637, -600, 928
690, -621, 911
759, -754, 935
769, -907, 997
726, -1008, 1004
687, -1060, 940
-,-,-
-795, 1087, 1216
-796, 854, 1176
-680, 595, 1134
-463, 521, 1164
-261, 469, 1246
-190, 324, 1342
-116, 299, 1326
186, 381, 1174
353, 440, 1208
393, 311, 1254
385, 161, 1242
415, -3, 1160
415, -3, 1160
607, -85, 998
731, -153, 952
721, -356, 1048
721, -608, 1114
733, -821, 1114
766, -970, 1030
755, -1067, 925
656, -1142, 852
-,-,-
-566, 687, 1293
-547, 513, 1247
-376, 472, 1161
-302, 415, 1143
-302, 313, 1163
-297, 244, 1212
-236, 248, 1189
-156, 323, 1109
-91, 354, 1090
-91, 354, 1090
-5, 320, 1140
54, 244, 1225
159, 192, 1275
310, 134, 1269
426, 16, 1207
446, -189, 1144
450, -422, 1100
450, -422, 1100
500, -626, 1090
584, -770, 1075
638, -837, 1030
-,-,-
-182, 531, 1032
-258, 503, 908
-206, 458, 888
-102, 454, 827
9, 398, 850
9, 398, 850
26, 273, 955
30, 176, 1002
81, 124, 956
235, 43, 1021
235, 43, 1021
234, -119, 1001
297, -139, 983
377, -242, 907
495, -424, 863
561, -586, 874
555, -745, 793
693, -836, 882
693, -836, 882
873, -899, 999
967, -905, 1084
961, -919, 1109
859, -954, 1063
721, -964, 1027
647, -951, 1045
-,-,-
-349, 844, 1112
-318, 713, 1247
-355, 499, 1363
-337, 408, 1402
-337, 408, 1402
-258, 405, 1390
-164, 428, 1352
-91, 447, 1361
-19, 394, 1417
87, 332, 1438
184, 298, 1370
309, 207, 1220
405, 47, 1026
405, 47, 1026
492, -95, 941
524, -268, 823
536, -432, 725
633, -602, 716
758, -750, 795
866, -937, 897
891, -1072, 998
901, -1144, 937
901, -1144, 937
862, -1164, 813
752, -1199, 711
659, -1222, 690
-,-,-
-855, 879, 1595
-819, 734, 1496
-640, 679, 1299
-434, 769, 1224
-434, 769, 1224
-250, 781, 1200
-49, 682, 1134
80, 519, 1077
229, 405, 989
384, 355, 937
472, 238, 999
513, 15, 1114
513, 15, 1114
503, -235, 966
557, -399, 901
619, -607, 862
671, -831, 856
676, -1088, 869
699, -1316, 885
740, -1455, 877
774, -1472, 868
774, -1472, 868
712, -1439, 807
-,-,-
-324, 342, 1228
-262, 321, 1197
-107, 368, 1172
-18, 468, 1116
93, 471, 1100
208, 380, 1159
286, 334, 1197
286, 334, 1197
507, 290, 1232
673, 211, 1142
812, 81, 1083
811, -152, 1068
825, -463, 1036
774, -749, 993
764, -939, 897
753, -1074, 843
753, -1074, 843
-,-,-
-858, 758, 1004
-751, 793, 1111
-541, 945, 1194
-439, 1003, 1286
-396, 865, 1337
-396, 865, 1337
-396, 676, 1345
-352, 572, 1382
-175, 506, 1362
116, 518, 1279
290, 407, 1250
317, 240, 1243
438, 40, 1240
578, -86, 1142
856, -164, 1029
859, -386, 1051
859, -386, 1051
781, -656, 1066
775, -883, 1019
801, -1048, 913
768, -1206, 754
716, -1288, 664
-,-,-
-38, 169, 1163
-141, 331, 1179
-361, 462, 1317
-555, 595, 1484
-687, 746, 1650
-680, 934, 1777
-693, 1069, 1859
-624, 1228, 1785
-590, 1150, 1636
-564, 965, 1484
-486, 780, 1369
-354, 616, 1289
-204, 481, 1208
-45, 354, 1131
107, 204, 1110
107, 204, 1110
221, 51, 1110
286, -86, 1084
319, -247, 1014
327, -385, 956
388, -503, 958
500, -594, 926
653, -739, 929
653, -739, 929
858, -957, 947
1014, -1175, 947
971, -1311, 860
847, -1429, 704
-,-,-
-121, 669, 1129
-211, 692, 1194
-211, 692, 1194
-337, 746, 1213
-595, 841, 1342
-681, 1019, 1501
-585, 1187, 1547
-462, 1234, 1444
-520, 1036, 1330
-559, 788, 1295
-460, 616, 1328
-306, 475, 1341
-137, 397, 1309
2, 338, 1236
71, 272, 1169
181, 182, 1117
348, 115, 1054
348, 115, 1054
524, 101, 1021
550, 14, 994
417, -172, 934
433, -321, 905
560, -511, 909
720, -711, 1022
873, -936, 1123
873, -936, 1123
961, -1237, 1201
884, -1452, 1162
-,-,-
-630, 1202, 1573
-629, 1392, 1774
-555, 1371, 1615
-488, 1188, 1376
-439, 944, 1237
-411, 708, 1213
-307, 562, 1224
-307, 562, 1224
-149, 500, 1195
-69, 435, 1179
5, 368, 1163
148, 362, 1134
419, 312, 1051
617, 337, 1058
699, 76, 1009
672, -187, 957
672, -187, 957
779, -437, 969
832, -679, 947
850, -879, 945
898, -986, 958
894, -1035, 883
878, -1127, 789
799, -1225, 734
-,-,-
-581, 1098, 1541
-555, 1026, 1652
-534, 850, 1506
-486, 667, 1374
-362, 586, 1291
-290, 498, 1292
-228, 437, 1295
-118, 420, 1238
-118, 420, 1238
36, 439, 1172
201, 430, 1140
334, 328, 1095
431, 108, 1128
516, 2, 1116
620, -73, 1021
680, -209, 1032
667, -362, 985
667, -362, 985
628, -518, 938
606, -683, 911
632, -822, 965
653, -959, 1027
627, -1102, 1014
611, -1196, 968
601, -1237, 939
-,-,-
-424, 889, 1424
-402, 1033, 1616
-341, 1027, 1763
-292, 921, 1656
-275, 778, 1498
-267, 632, 1362
-219, 533, 1235
-171, 468, 1171
-110, 437, 1169
-11, 369, 1180
116, 310, 1143
243, 276, 1077
243, 276, 1077
332, 247, 1016
387, 146, 977
399, -16, 960
386, -179, 978
402, -238, 885
432, -289, 879
491, -364, 931
491, -364, 931
570, -465, 969
657, -575, 962
694, -713, 936
-,-,-
-506, 901, 1281
-354, 1207, 1415
-202, 1379, 1493
-192, 1288, 1524
-259, 1090, 1498
-316, 894, 1388
-340, 728, 1263
-340, 728, 1263
-327, 611, 1199
-278, 548, 1178
-226, 516, 1154
-142, 501, 1083
-52, 489, 967
71, 410, 883
180, 316, 853
289, 168, 907
289, 168, 907
355, 76, 901
414, -88, 879
461, -243, 887
498, -357, 924
522, -562, 937
531, -758, 932
531, -758, 932
-,-,-
37, 310, 1153
78, 555, 1208
124, 719, 1223
83, 831, 1140
-85, 875, 1139
-345, 923, 1198
-624, 1044, 1228
-700, 1331, 1149
-616, 1691, 1015
-471, 1930, 948
-487, 1846, 888
-487, 1846, 888
-500, 1578, 829
-389, 1294, 844
-224, 972, 938
-83, 684, 1041
56, 429, 1130
182, 167, 1203
204, -51, 1211
237, -139, 1144
280, -129, 1020
386, -160, 1042
386, -160, 1042
311, -247, 1103
423, -267, 1020
434, -317, 983
442, -449, 990
457, -582, 1011
541, -718, 1088
604, -831, 1181
666, -944, 1234
-,-,-
-575, 1297, 1137
-468, 1394, 1028
-393, 1402, 1039
-342, 1226, 1036
-280, 961, 1090
-162, 749, 1204
-86, 577, 1251
-23, 471, 1235
33, 408, 1227
177, 365, 1178
424, 349, 1096
548, 307, 1082
562, 131, 1154
562, 131, 1154
576, -45, 1168
627, -207, 1084
658, -426, 1073
688, -639, 1144
694, -843, 1236
703, -959, 1245
639, -1051, 1144
572, -1108, 1016
486, -1178, 923
-,-,-
-398, 710, 930
-398, 710, 930
-279, 797, 975
30, 874, 901
190, 733, 893
171, 388, 944
253, 119, 1032
321, -4, 1170
321, -4, 1170
354, -70, 1254
372, -116, 1330
486, -125, 1280
612, -140, 1191
701, -228, 1224
693, -343, 1176
-,-,-
-642, 1095, 1069
-593, 1334, 1124
-468, 1557, 1192
-425, 1606, 1283
-425, 1442, 1295
-380, 1144, 1191
-354, 889, 1073
-354, 889, 1073
-314, 764, 1045
-219, 692, 1051
-42, 635, 1063
171, 569, 1042
364, 531, 1000
502, 452, 984
586, 231, 1024
631, -104, 1068
623, -426, 1041
540, -637, 1029
540, -637, 1029
591, -842, 983
646, -1023, 988
670, -1179, 913
706, -1305, 858
696, -1389, 798
608, -1450, 738
-,-,-
-629, 839, 1162
-563, 707, 1138
-331, 628, 1124
-179, 556, 1090
-69, 483, 1099
-5, 398, 1124
100, 324, 1176
349, 244, 1173
584, 180, 1136
636, 36, 1147
636, 36, 1147
656, -22, 1137
623, -149, 982
743, -259, 925
869, -319, 899
804, -517, 895
739, -807, 864
739, -807, 864
694, -1012, 789
661, -1201, 707
648, -1338, 700
631, -1334, 743
616, -1267, 775
628, -1159, 795
647, -1000, 786
647, -825, 749
588, -623, 714
505, -443, 697
-,-,-
-554, 958, 1294
-696, 997, 1207
-701, 1097, 1192
-525, 1163, 1090
-492, 1123, 1044
-523, 980, 1073
-498, 864, 1130
-310, 798, 1131
-131, 725, 1128
53, 640, 1127
181, 493, 1141
181, 493, 1141
335, 355, 1154
552, 230, 1100
622, 95, 1065
580, -98, 1056
529, -295, 1083
580, -380, 1038
583, -461, 999
593, -492, 953
593, -492, 953
508, -564, 828
425, -680, 715
427, -774, 693
513, -867, 747
618, -950, 838
679, -1061, 899
629, -1127, 919
594, -1112, 903
565, -1022, 882
547, -851, 855
-,-,-
-494, 1201, 1235
-494, 1201, 1235
-451, 1085, 1203
-391, 834, 1124
-288, 609, 1194
-96, 514, 1266
0, 439, 1337
66, 426, 1398
158, 443, 1390
278, 442, 1277
350, 473, 1180
350, 473, 1180
376, 461, 1104
358, 339, 1021
301, 129, 926
337, -44, 898
431, -94, 831
526, -170, 784
686, -348, 894
686, -348, 894
852, -533, 947
971, -729, 989
1024, -922, 982
1070, -1149, 923
-,-,-
-697, 954, 1255
-684, 982, 1115
-616, 849, 1040
-538, 692, 1078
-396, 557, 1146
-289, 444, 1184
-182, 356, 1160
-42, 329, 1113
84, 287, 1139
84, 287, 1139
129, 222, 1168
202, 212, 1132
339, 222, 1030
483, 191, 964
536, 42, 980
536, 42, 980
511, -73, 949
574, -224, 953
642, -339, 963
682, -498, 955
709, -713, 1004
747, -891, 1060
758, -996, 1057
723, -1029, 978
723, -1029, 978
-,-,-
-502, 1262, 1470
-425, 1347, 1596
-414, 1271, 1484
-398, 1084, 1282
-360, 911, 1119
-360, 911, 1119
-303, 747, 1040
-194, 610, 1042
-64, 498, 1104
75, 379, 1183
247, 276, 1197
302, 173, 1175
297, 37, 1085
280, -110, 1040
345, -283, 1024
345, -283, 1024
337, -307, 1039
391, -350, 976
383, -417, 956
419, -573, 1016
405, -713, 964
458, -818, 873
572, -855, 882
699, -956, 1012
695, -1066, 1137
667, -1129, 1133
-,-,-
-230, 788, 1831
-297, 885, 1847
-334, 954, 1565
-363, 929, 1239
-350, 854, 1042
-350, 854, 1042
-324, 767, 1003
-253, 714, 1024
-124, 713, 1004
22, 707, 979
182, 638, 988
312, 485, 1057
374, 278, 1151
421, 115, 1179
421, 115, 1179
489, -25, 1137
491, -165, 1128
451, -332, 1140
450, -451, 1143
389, -519, 1086
440, -526, 1033
520, -582, 1073
553, -623, 1105
572, -714, 1109
572, -838, 1064
543, -958, 1068
560, -1073, 1064
517, -1100, 1018
415, -1116, 957
293, -1097, 912
207, -1008, 858
-,-,-
-371, 607, 1374
-337, 574, 1217
-236, 570, 1310
-138, 563, 1379
-21, 526, 1385
89, 463, 1382
168, 406, 1390
232, 354, 1369
300, 273, 1332
300, 273, 1332
326, 184, 1297
332, 116, 1267
387, 87, 1239
462, 21, 1259
495, 10, 1178
501, -76, 1101
501, -76, 1101
503, -207, 1022
407, -398, 856
355, -569, 683
343, -684, 578
326, -805, 563
316, -963, 572
330, -1080, 596
351, -1118, 623
391, -1137, 634
417, -1137, 679
417, -1137, 679
-,-,-
-39, 1496, 1154
-84, 1167, 1198
-100, 867, 1129
-100, 867, 1129
-17, 633, 1162
44, 437, 1239
93, 269, 1291
141, 157, 1319
241, 134, 1305
344, 164, 1253
421, 174, 1186
421, 174, 1186
483, 82, 1126
486, -17, 1116
450, -116, 881
406, -295, 825
423, -429, 828
405, -516, 812
400, -656, 791
400, -656, 791
418, -780, 766
470, -932, 856
524, -1095, 956
550, -1157, 981
567, -1177, 964
494, -1197, 909
415, -1181, 874
-,-,-
-434, 874, 1151
-363, 1085, 1102
-220, 1308, 1149
-171, 1430, 1203
-188, 1400, 1274
-180, 1245, 1291
-163, 1052, 1196
-181, 882, 1140
-149, 738, 1143
-104, 612, 1184
-40, 494, 1213
43, 400, 1201
99, 320, 1164
99, 320, 1164
159, 261, 1116
258, 180, 1091
337, 61, 1091
396, -36, 1018
433, -109, 905
393, -176, 874
398, -252, 718
398, -252, 718
505, -344, 708
514, -502, 771
511, -709, 895
614, -818, 1031
743, -890, 1095
812, -954, 1145
840, -1001, 1138
766, -1020, 1128
702, -1037, 1081
649, -1000, 1037
-,-,-
-631, 1182, 1372
-563, 1083, 1539
-308, 1009, 1443
-308, 869, 1365
-304, 721, 1340
-304, 721, 1340
-277, 525, 1321
-192, 347, 1307
-133, 230, 1299
-123, 205, 1248
-73, 237, 1133
38, 296, 1020
145, 331, 984
256, 334, 984
337, 277, 1001
337, 277, 1001
384, 214, 993
416, 123, 966
412, 27, 960
498, -25, 906
529, -132, 879
529, -132, 879
509, -285, 855
500, -432, 891
595, -545, 919
677, -615, 956
692, -728, 1041
672, -859, 1110
607, -983, 1133
538, -1054, 1107
500, -1063, 1078
-,-,-
-513, 1186, 1053
-514, 1440, 1118
-480, 1465, 1204
-592, 1374, 1369
-586, 1209, 1491
-514, 931, 1446
-459, 645, 1334
-471, 412, 1243
-460, 275, 1176
-393, 220, 1123
-265, 206, 1055
-155, 241, 1023
-155, 241, 1023
-85, 265, 1058
36, 269, 1123
140, 227, 1150
183, 142, 1121
229, 61, 1072
312, -20, 1031
370, -77, 1013
370, -77, 1013
397, -196, 1043
432, -324, 1004
409, -495, 1008
386, -597, 953
347, -729, 920
329, -864, 918
353, -956, 907
403, -1024, 929
458, -1088, 957
440, -1127, 974
450, -1122, 984
450, -1122, 984
461, -1049, 965
-,-,-
-359, 732, 1166
-432, 1097, 1351
-513, 1394, 1343
-612, 1577, 1304
-591, 1621, 1246
-544, 1508, 1261
-505, 1191, 1189
-493, 833, 1135
-451, 554, 1164
-451, 554, 1164
-324, 378, 1209
-193, 287, 1232
-73, 239, 1205
52, 229, 1184
142, 171, 1174
244, 133, 1168
325, 115, 1094
382, 125, 1011
394, 103, 941
394, 103, 941
396, 14, 915
405, -116, 909
396, -259, 916
375, -420, 898
355, -565, 875
394, -692, 871
394, -692, 871
499, -796, 923
631, -960, 1022
655, -1073, 1083
626, -1154, 1068
591, -1162, 1027
558, -1099, 973
506, -975, 929
488, -838, 891
-,-,-
-432, 1478, 1507
-387, 1440, 1495
-414, 1259, 1311
-467, 987, 1116
-422, 694, 1026
-422, 694, 1026
-337, 458, 1041
-240, 315, 1084
-197, 251, 1094
-151, 148, 1104
-36, 25, 1142
95, -3, 1133
221, 44, 1091
258, 51, 1045
258, 51, 1045
265, -30, 1009
291, -154, 961
334, -281, 916
400, -391, 904
366, -546, 911
302, -677, 876
290, -732, 840
290, -732, 840
335, -749, 849
373, -775, 892
402, -829, 937
432, -856, 989
466, -884, 1043
491, -954, 1106
466, -1020, 1118
420, -1051, 1070
389, -1031, 957
-,-,-
-677, 754, 1012
-556, 809, 952
-521, 824, 1113
-554, 709, 1235
-502, 645, 1287
-418, 580, 1276
-353, 521, 1276
-289, 472, 1271
-184, 416, 1300
-15, 369, 1299
42, 328, 1281
69, 261, 1219
69, 261, 1219
144, 111, 1136
227, -25, 1027
328, -81, 939
354, -122, 901
337, -224, 910
340, -372, 888
328, -482, 863
328, -482, 863
345, -572, 852
361, -700, 898
325, -822, 957
292, -897, 995
332, -929, 983
417, -945, 1003
440, -957, 1034
401, -979, 1029
357, -1012, 1003
351, -1012, 954
351, -999, 954
342, -868, 900
347, -736, 855
-,-,-
-636, 865, 1105
-592, 936, 1062
-591, 844, 1030
-562, 718, 967
-417, 620, 955
-341, 520, 1015
-311, 412, 1079
-285, 331, 1121
-231, 272, 1124
-99, 259, 1100
25, 249, 1113
25, 249, 1113
95, 175, 1172
147, 36, 1215
207, -41, 1171
252, -51, 1119
303, -64, 1075
303, -64, 1075
320, -105, 1029
330, -229, 1014
340, -363, 1016
369, -448, 985
385, -519, 946
414, -621, 953
462, -759, 1012
509, -854, 1078
582, -866, 1106
653, -895, 1149
-,-,-
-195, 939, 1206
-277, 1106, 1405
-330, 1191, 1481
-262, 1241, 1457
-219, 1155, 1408
-282, 899, 1326
-385, 571, 1259
-451, 308, 1228
-451, 308, 1228
-412, 179, 1235
-274, 135, 1219
-181, 185, 1230
-115, 241, 1249
8, 237, 1244
139, 223, 1221
247, 195, 1159
338, 119, 1088
386, 0, 1038
386, 0, 1038
415, -196, 1009
397, -256, 911
496, -433, 984
569, -555, 1081
581, -707, 1129
573, -833, 1131
595, -966, 1102
620, -1127, 1086
592, -1228, 1033
550, -1255, 939
474, -1275, 816
474, -1275, 816
433, -1238, 751
405, -1177, 739
-,-,-
-544, 847, 1182
-374, 987, 1247
-253, 1037, 1304
-209, 1014, 1372
-166, 907, 1395
-134, 743, 1441
-106, 536, 1425
-93, 354, 1378
-39, 256, 1316
-39, 256, 1316
67, 234, 1250
152, 150, 1218
214, 8, 1231
273, -78, 1211
360, -123, 1207
507, -221, 1290
587, -340, 1384
557, -509, 1464
557, -509, 1464
565, -647, 1464
-,-,-
-143, 462, 1241
-274, 500, 1374
-335, 546, 1463
-335, 546, 1463
-365, 576, 1517
-373, 579, 1562
-315, 597, 1610
-243, 618, 1590
-158, 630, 1468
-122, 572, 1384
-118, 444, 1362
-90, 327, 1331
-49, 243, 1264
6, 207, 1169
45, 187, 1093
45, 187, 1093
108, 135, 1074
170, 57, 1083
238, -7, 1070
346, -43, 1065
428, -142, 1118
528, -227, 1188
528, -227, 1188
474, -355, 1053
483, -451, 1106
480, -565, 1058
460, -746, 1054
469, -880, 1096
557, -1028, 1118
-,-,-
-227, 295, 1100
-227, 295, 1100
-366, 413, 1214
-413, 649, 1278
-340, 1043, 1360
-289, 1288, 1480
-350, 1266, 1565
-353, 1112, 1561
-338, 883, 1512
-312, 632, 1394
-290, 420, 1266
-245, 279, 1164
-166, 201, 1121
-40, 147, 1138
105, 88, 1201
200, 26, 1262
200, 26, 1262
274, -10, 1243
365, -36, 1206
467, -99, 1198
499, -201, 1155
464, -269, 1157
442, -292, 900
530, -359, 899
566, -557, 1000
527, -855, 1146
527, -855, 1146
458, -1005, 1193
454, -1072, 1096
489, -1117, 1031
490, -1165, 1000
-,-,-
-98, 466, 1029
-183, 604, 972
-245, 735, 1066
-303, 860, 1173
-304, 948, 1255
-289, 995, 1325
-282, 987, 1368
-250, 902, 1386
-239, 752, 1373
-238, 558, 1362
-218, 408, 1351
-218, 408, 1351
-170, 317, 1321
-87, 262, 1258
0, 213, 1211
77, 165, 1177
172, 139, 1156
256, 62, 1182
310, -63, 1202
310, -63, 1202
333, -150, 1151
386, -242, 1091
279, -238, 1035
328, -368, 978
354, -432, 960
405, -511, 921
433, -676, 955
457, -870, 1037
464, -998, 1103
499, -1074, 1083
511, -1062, 1020
-,-,-
-146, 673, 1230
-242, 814, 1344
-354, 816, 1533
-478, 797, 1545
-563, 792, 1474
-621, 800, 1408
-614, 815, 1371
-562, 763, 1345
-493, 620, 1317
-442, 460, 1282
-384, 343, 1217
-384, 343, 1217
-252, 276, 1130
-113, 209, 1103
-29, 94, 1147
1, -34, 1139
14, -96, 1110
64, -124, 1079
171, -176, 1029
167, -234, 954
167, -234, 954
148, -309, 862
130, -426, 808
133, -549, 790
161, -636, 831
211, -700, 944
335, -811, 1070
-,-,-
-28, 44, 1037
-77, 75, 1124
-380, 84, 1289
-380, 84, 1289
-697, 167, 1424
-834, 356, 1493
-755, 622, 1452
-644, 832, 1377
-623, 852, 1311
-599, 754, 1244
-506, 664, 1235
-433, 563, 1263
-379, 437, 1263
-286, 357, 1227
-142, 312, 1183
14, 295, 1171
145, 229, 1185
145, 229, 1185
186, 99, 1214
204, -12, 1190
271, -120, 1168
327, -223, 1157
377, -310, 1167
396, -383, 1161
398, -455, 1155
413, -551, 1154
422, -627, 1156
437, -723, 1204
488, -868, 1246
488, -868, 1246
-,-,-
-794, 667, 1124
-761, 683, 1282
-650, 633, 1337
-472, 625, 1398
-297, 657, 1461
-177, 627, 1504
-129, 547, 1518
-79, 478, 1480
86, 452, 1375
86, 452, 1375
234, 438, 1289
366, 339, 1228
440, 251, 1142
477, 159, 1057
510, 37, 1038
588, -192, 1062
588, -192, 1062
581, -166, 905
547, -336, 907
542, -486, 947
540, -639, 952
507, -764, 991
-,-,-
-413, 917, 814
-413, 917, 814
-365, 923, 941
-381, 845, 1002
-368, 787, 1051
-288, 768, 1123
-194, 751, 1175
-143, 739, 1239
-109, 706, 1283
-77, 636, 1300
-8, 575, 1263
91, 524, 1232
91, 524, 1232
158, 415, 1227
208, 296, 1200
267, 164, 1169
329, 53, 1139
392, -39, 1054
378, -222, 1010
445, -173, 921
445, -173, 921
387, -310, 837
486, -356, 875
530, -414, 911
496, -541, 937
487, -708, 949
513, -855, 998
537, -945, 1068
549, -988, 1080
549, -988, 1080
-,-,-
-378, 896, 1155
-346, 879, 1306
-346, 879, 1306
-271, 819, 1351
-245, 727, 1349
-239, 621, 1337
-208, 509, 1304
-166, 424, 1263
-116, 366, 1247
-54, 330, 1236
31, 317, 1207
103, 308, 1166
175, 293, 1141
274, 280, 1117
274, 280, 1117
374, 247, 1108
457, 187, 1108
506, 97, 1090
572, -53, 1044
564, -70, 996
591, -214, 988
591, -214, 988
593, -358, 1015
570, -549, 1058
536, -706, 1063
530, -845, 1039
517, -969, 998
-,-,-
25, 185, 1085
-76, 473, 1185
-230, 650, 1242
-230, 650, 1242
-378, 775, 1217
-467, 988, 1241
-274, 1311, 1368
-98, 1520, 1453
-52, 1524, 1377
-81, 1353, 1210
-150, 1128, 1067
-159, 894, 973
-144, 694, 965
-82, 533, 975
-26, 422, 985
10, 361, 999
10, 361, 999
99, 304, 997
217, 241, 1012
269, 184, 1031
325, 107, 1062
357, 24, 1104
357, 24, 1104
445, -71, 1127
487, -143, 1108
481, -234, 1084
450, -359, 1087
430, -482, 1087
416, -595, 1098
399, -710, 1121
427, -844, 1147
445, -951, 1160
435, -1042, 1139
392, -1080, 1083
-,-,-
-572, 958, 1176
-584, 1117, 1070
-455, 1195, 1094
-433, 1151, 1095
-429, 987, 1094
-395, 809, 1131
-287, 687, 1197
-166, 601, 1213
-87, 547, 1167
16, 454, 1154
84, 281, 1200
84, 281, 1200
184, 140, 1196
274, 90, 1173
329, 34, 1131
350, -89, 1086
376, -278, 1129
430, -279, 1043
430, -279, 1043
462, -382, 1071
482, -444, 1067
467, -571, 1059
470, -727, 1090
513, -898, 1125
535, -1041, 1153
515, -1137, 1102
478, -1151, 1002
-,-,-
-631, 1151, 1159
-476, 1475, 1091
-414, 1567, 1194
-408, 1435, 1209
-340, 1229, 1196
-255, 977, 1211
-184, 759, 1220
-130, 615, 1237
-18, 536, 1233
197, 480, 1188
405, 427, 1141
560, 318, 1157
651, 140, 1229
651, 140, 1229
731, -49, 1277
783, -167, 1307
831, -220, 1234
836, -375, 1162
838, -601, 1130
821, -854, 1146
766, -1066, 1129
-,-,-
217, 66, 1074
225, 307, 1236
225, 307, 1236
219, 485, 1279
215, 628, 1324
219, 744, 1370
140, 813, 1347
37, 812, 1259
-92, 759, 1165
-346, 720, 1065
-346, 720, 1065
-458, 813, 1031
-466, 938, 1166
-355, 1065, 1154
-334, 1104, 1149
-312, 1063, 1169
-225, 970, 1226
-83, 810, 1281
5, 650, 1307
91, 503, 1270
187, 398, 1196
257, 284, 1133
257, 284, 1133
308, 142, 1107
339, 38, 1077
396, -40, 1064
441, -138, 1078
432, -300, 1078
423, -433, 1100
454, -597, 1039
501, -708, 1062
516, -796, 1062
549, -930, 1080
582, -1041, 1061
583, -1091, 1027
495, -1137, 995
495, -1137, 995
-,-,-
-257, 1205, 1193
-405, 1278, 1355
-513, 1311, 1401
-518, 1329, 1330
-466, 1285, 1182
-458, 1153, 1038
-462, 939, 925
-429, 772, 899
-326, 648, 953
-326, 648, 953
-223, 570, 1034
-104, 497, 1088
-4, 427, 1133
133, 367, 1153
250, 328, 1166
352, 247, 1194
408, 139, 1206
440, -4, 1198
440, -4, 1198
452, -125, 1143
419, -239, 1090
397, -388, 1072
391, -541, 1071
391, -663, 1060
395, -745, 1047
429, -859, 1077
449, -936, 1101
464, -989, 1093
448, -1025, 1034
432, -1019, 984
-,-,-
-712, 1159, 1221
-527, 1365, 1341
-439, 1391, 1340
-473, 1227, 1266
-480, 1017, 1172
-438, 838, 1122
-374, 721, 1133
-269, 655, 1121
-172, 604, 1113
-38, 543, 1141
129, 472, 1148
129, 472, 1148
267, 429, 1127
383, 328, 1096
434, 197, 1045
457, 48, 989
490, -89, 945
520, -233, 977
520, -233, 977
542, -365, 1023
530, -483, 1037
547, -594, 997
557, -705, 986
572, -813, 1012
582, -873, 1023
601, -896, 993
604, -889, 1009
598, -865, 1032
574, -791, 1039
-,-,-
-626, 1037, 1274
-471, 1269, 1326
-389, 1339, 1258
-403, 1209, 1164
-419, 998, 1124
-393, 797, 1144
-323, 634, 1168
-230, 531, 1163
-157, 464, 1202
-64, 378, 1236
-64, 378, 1236
96, 297, 1218
319, 273, 1217
433, 211, 1250
444, 100, 1241
466, -4, 1167
517, -101, 1099
530, -233, 1085
484, -381, 1062
484, -381, 1062
453, -509, 988
469, -620, 909
477, -759, 914
485, -933, 978
493, -1075, 1046
499, -1127, 1059
474, -1113, 1024
479, -1045, 991
473, -927, 949
457, -797, 870
-,-,-
-437, 946, 1097
-515, 1021, 1145
-455, 1087, 1207
-401, 1118, 1288
-395, 1058, 1316
-394, 931, 1250
-372, 796, 1229
-306, 684, 1231
-229, 584, 1212
-162, 497, 1195
-96, 418, 1183
-96, 418, 1183
3, 372, 1139
133, 353, 1097
249, 305, 1104
312, 191, 1147
340, 64, 1167
379, -16, 1135
379, -16, 1135
414, -109, 1076
435, -241, 1006
407, -373, 960
357, -493, 953
361, -560, 1000
408, -616, 1039
480, -686, 1074
535, -761, 1147
543, -849, 1215
525, -884, 1215
-,-,-
-491, 1263, 1144
-491, 1424, 1098
-444, 1402, 1063
-335, 1307, 936
-289, 1132, 894
-271, 891, 967
-240, 654, 1052
-160, 473, 1099
-104, 384, 1103
-43, 335, 1044
1, 344, 925
1, 344, 925
94, 339, 843
181, 318, 853
233, 256, 923
233, 256, 923
240, 165, 1011
232, 32, 1118
218, -104, 1146
225, -215, 1131
239, -309, 1159
233, -401, 1193
254, -464, 1199
309, -501, 1208
360, -530, 1275
-,-,-
-590, 968, 983
-715, 970, 1050
-671, 1024, 1099
-523, 1095, 1131
-422, 1109, 1181
-387, 976, 1216
-345, 782, 1258
-298, 584, 1305
-213, 437, 1300
-93, 360, 1235
-93, 360, 1235
30, 266, 1201
102, 137, 1217
125, 37, 1204
185, -17, 1124
307, -44, 1039
345, -116, 1032
322, -275, 1067
314, -420, 1068
314, -420, 1068
379, -522, 1058
488, -619, 1102
606, -736, 1165
641, -817, 1167
632, -835, 1135
587, -856, 1049
-,-,-
-509, 1269, 1206
-359, 1369, 1193
-389, 1173, 1120
-480, 889, 1087
-464, 632, 1077
-395, 472, 1110
-316, 387, 1122
-243, 310, 1140
-117, 252, 1184
2, 187, 1221
2, 187, 1221
115, 149, 1213
210, 122, 1207
278, 20, 1250
327, -78, 1253
381, -155, 1191
444, -239, 1130
530, -334, 1101
634, -408, 1126
634, -408, 1126
728, -543, 1169
794, -691, 1162
768, -787, 1106
673, -872, 1028
548, -935, 932
-,-,-
-495, 1334, 1650
-472, 1294, 1742
-505, 1089, 1686
-452, 894, 1552
-285, 758, 1417
-106, 635, 1304
53, 510, 1226
53, 510, 1226
181, 312, 1234
282, 95, 1245
387, -46, 1171
454, -146, 1079
493, -274, 977
516, -443, 939
641, -625, 1037
804, -748, 1061
804, -748, 1061
946, -900, 1017
1058, -1106, 963
-,-,-
-867, 1137, 1569
-967, 1311, 1635
-793, 1479, 1497
-645, 1506, 1362
-660, 1349, 1266
-629, 1120, 1262
-491, 887, 1329
-349, 706, 1403
-112, 629, 1397
249, 577, 1326
534, 387, 1266
653, 63, 1227
653, 63, 1227
679, -292, 1215
773, -567, 1224
951, -767, 1237
1174, -953, 1172
1319, -1179, 1059
1255, -1400, 969
-,-,-
-1098, 937, 1452
-1432, 1393, 1703
-1759, 1813, 1941
-1443, 1997, 1997
-1061, 1997, 1974
-806, 1867, 1737
-601, 1300, 1556
-349, 874, 1540
20, 551, 1442
349, 331, 1301
349, 331, 1301
621, 101, 1254
815, -125, 1327
1091, -387, 1153
1237, -556, 1096
1371, -835, 970
-,-,-
-790, 1827, 1394
-600, 1995, 1307
-605, 1997, 1640
-764, 1997, 1764
-847, 1889, 1718
-857, 1452, 1733
-758, 1120, 1702
-524, 980, 1559
-307, 845, 1421
-80, 615, 1342
191, 418, 1261
393, 276, 1173
513, 139, 1113
560, -34, 1112
595, -302, 892
595, -302, 892
572, -373, 767
637, -556, 658
791, -679, 655
1020, -650, 678
1184, -732, 788
1233, -999, 890
-,-,-
-294, 521, 1551
-266, 408, 1523
-160, 338, 1451
-24, 361, 1414
42, 342, 1369
42, 342, 1369
106, 343, 1300
133, 303, 1220
167, 262, 1137
202, 235, 1040
235, 200, 935
184, 108, 819
184, 108, 819
103, 5, 667
141, -50, 560
181, -71, 555
199, -169, 572
199, -169, 572
221, -281, 600
277, -381, 623
398, -504, 644
499, -637, 692
567, -742, 751
655, -861, 858
756, -1016, 1031
797, -1066, 1151
750, -1096, 1265
683, -1196, 1381
613, -1225, 1472
571, -1149, 1491
563, -1047, 1451
536, -898, 1359
514, -719, 1244
439, -546, 1099
439, -546, 1099
-,-,-
-432, 452, 1086
-332, 613, 1251
-319, 676, 1335
-319, 676, 1335
-303, 654, 1391
-305, 582, 1398
-325, 493, 1370
-326, 433, 1285
-292, 395, 1186
-175, 360, 1139
-89, 290, 1128
-89, 197, 1122
-77, 103, 1089
-31, 45, 1035
-28, -16, 987
-28, -16, 987
-36, -54, 1005
-42, -72, 1065
-18, -73, 1155
36, -71, 1045
100, -52, 1056
141, -80, 1043
141, -80, 1043
97, -175, 1004
27, -248, 923
37, -266, 809
109, -264, 740
119, -254, 709
110, -292, 720
110, -292, 720
72, -367, 729
103, -389, 738
162, -375, 777
214, -402, 837
263, -466, 923
-,-,-
-70, -288, 854
-239, -403, 731
-93, -432, 536
-29, -424, 645
-29, -424, 645
-58, -302, 810
-29, -215, 1009
2, -123, 1109
0, -63, 1051
48, 83, 1041
48, 83, 1041
102, 241, 1281
103, 281, 1428
200, 291, 1453
235, 285, 1218
226, 302, 912
189, 276, 761
189, 276, 761
7, 267, 959
-173, 212, 1267
110, 163, 1436
395, 54, 1412
317, -78, 1097
164, -151, 776
164, -151, 776
96, -234, 718
91, -384, 755
35, -543, 783
-126, -683, 829
-185, -793, 891
-159, -941, 954
-,-,-
343, 374, 1030
143, 380, 1154
143, 380, 1154
225, 398, 1066
354, 482, 1072
399, 536, 1116
473, 619, 1298
419, 643, 1456
359, 596, 1378
338, 533, 1213
436, 445, 1063
436, 445, 1063
471, 327, 995
324, 214, 1037
129, 88, 1143
122, -38, 1154
236, -163, 1128
300, -330, 1077
220, -519, 1002
46, -686, 950
46, -686, 950
-63, -809, 948
-82, -923, 899
-64, -982, 794
-32, -984, 752
-95, -964, 850
-228, -926, 956
-,-,-
-182, 294, 534
-99, 377, 648
45, 412, 737
145, 449, 909
145, 449, 909
144, 418, 1125
186, 429, 1203
281, 472, 1162
243, 482, 1209
261, 460, 1184
449, 470, 1110
501, 471, 1110
501, 471, 1110
198, 485, 1263
70, 446, 1269
166, 366, 1170
323, 320, 1117
346, 257, 1168
352, 187, 1244
306, 42, 1252
306, 42, 1252
269, -106, 1109
277, -194, 1026
209, -283, 1037
69, -368, 1074
-42, -440, 1059
-61, -530, 968
-16, -641, 869
-6, -733, 873
-6, -733, 873
-55, -800, 886
-143, -828, 997
-,-,-
127, 345, 823
-28, 322, 865
248, 347, 849
248, 347, 849
397, 397, 1077
413, 466, 1232
297, 536, 1326
288, 616, 1369
310, 615, 1399
328, 571, 1313
334, 498, 1209
334, 498, 1209
372, 426, 1137
366, 321, 1059
326, 213, 1015
237, 106, 1074
187, 0, 1124
202, -99, 1089
211, -219, 1077
211, -219, 1077
190, -339, 1108
163, -436, 1158
87, -500, 1157
-2, -556, 1069
-56, -602, 929
-68, -639, 833
-92, -658, 865
